{
 "cells": [
  {
   "cell_type": "code",
   "execution_count": 1,
   "metadata": {},
   "outputs": [],
   "source": [
    "import numpy as np\n",
    "import pandas as pd"
   ]
  },
  {
   "cell_type": "code",
   "execution_count": 32,
   "metadata": {},
   "outputs": [
    {
     "name": "stdout",
     "output_type": "stream",
     "text": [
      "<class 'pandas.core.frame.DataFrame'>\n",
      "RangeIndex: 442 entries, 0 to 441\n",
      "Data columns (total 11 columns):\n",
      "age      442 non-null float64\n",
      "sex      442 non-null float64\n",
      "bmi      442 non-null float64\n",
      "bp       442 non-null float64\n",
      "s1       442 non-null float64\n",
      "s2       442 non-null float64\n",
      "s3       442 non-null float64\n",
      "s4       442 non-null float64\n",
      "s5       442 non-null float64\n",
      "s6       442 non-null float64\n",
      "value    442 non-null float64\n",
      "dtypes: float64(11)\n",
      "memory usage: 38.1 KB\n"
     ]
    }
   ],
   "source": [
    "data = pd.read_csv(r\"diabetes.csv\")\n",
    "data.head()\n",
    "data.info()"
   ]
  },
  {
   "cell_type": "code",
   "execution_count": 3,
   "metadata": {},
   "outputs": [],
   "source": [
    "class LinearRegression:\n",
    "    \n",
    "    def __init__(self, alpha, times):\n",
    "        '''初始化\n",
    "        \n",
    "        parameters\n",
    "        ----\n",
    "        alpha:float 学习速率\n",
    "        \n",
    "        times:int 迭代次数\n",
    "        '''\n",
    "        \n",
    "        self.alpha = alpha\n",
    "        self.times = times\n",
    "        \n",
    "        \n",
    "    def fit(self, X, y):\n",
    "        '''训练Ｘ\n",
    "        \n",
    "        Parameters\n",
    "        ---\n",
    "        X:[样本数量，样本特征]\n",
    "        \n",
    "        y:[样本数量]\n",
    "        '''\n",
    "        X = np.asarray(X)\n",
    "        y = np.asarray(y)\n",
    "        \n",
    "        # 创建初始权重，全部设置0，多一个截距权重\n",
    "        self.w_ = np.zeros(1 + X.shape[1])\n",
    "        \n",
    "        # 创建loss列表  （预测值 - 真实值）的平方和除以二\n",
    "        self.loss_ = []\n",
    "        \n",
    "        # 进行循环\n",
    "        for i in range(self.times):\n",
    "            # 计算预测值\n",
    "            y_hat = np.dot(X, self.w_[1:]) + self.w_[0]\n",
    "            # 计算预测值和真实值的差距\n",
    "            error = y - y_hat\n",
    "            # 将损失值加入到损失列表当中\n",
    "            self.loss_.append(  np.sum(error ** 2) / 2 )\n",
    "            # 调整w向梯度相反的方向: 权重(j) = 权重(j) + 学习率 * sum((y - y_hat) * x(j))\n",
    "            # loss（所有数据集的error总和）对每一个w求导，即是w应该变化的方向\n",
    "            # y_hat对w求导的时候，得到的是负的x(j)，由于权重 = 权重 - 权重变化率，所以负负得正，变成加号\n",
    "            self.w_[0] += self.alpha * np.sum(error)\n",
    "            self.w_[1:] += self.alpha * np.dot(X.T, error)\n",
    "            \n",
    "    def predict(self, X):\n",
    "        '''预测\n",
    "            \n",
    "            Parameters\n",
    "            ----\n",
    "            X:[样本数量，样本特征]\n",
    "            \n",
    "            Returns\n",
    "            ---\n",
    "        result: 数组 '''\n",
    "        \n",
    "        X = np.asarray(X)\n",
    "        result = np.dot(X, self.w_[1:]) + self.w_[0]\n",
    "        return result"
   ]
  },
  {
   "cell_type": "code",
   "execution_count": 5,
   "metadata": {},
   "outputs": [],
   "source": [
    "class StandardScaler:\n",
    "    '''标准化'''\n",
    "    \n",
    "    def fit(self, X):\n",
    "        '''根据传递的样本，计算每个特征列的均值与标准差\n",
    "        \n",
    "        Parameters\n",
    "        ----\n",
    "        X:类数组\n",
    "        '''\n",
    "        \n",
    "        X = np.asarray(X)\n",
    "        self.std_ = np.std(X, axis=0)\n",
    "        self.mean_ = np.mean(X, axis=0)\n",
    "        \n",
    "    def transform(self, X):\n",
    "        '''将每一列都标准化处理，每一列都变成标准正态分布'''\n",
    "        \n",
    "        return (X-self.mean_) / self.std_\n",
    "    \n",
    "    def fit_transform(self, X):\n",
    "        '''结合'''\n",
    "        \n",
    "        self.fit(X)\n",
    "        return  self.transform(X)"
   ]
  },
  {
   "cell_type": "code",
   "execution_count": 31,
   "metadata": {},
   "outputs": [
    {
     "data": {
      "text/plain": [
       "0.5126091003753368"
      ]
     },
     "metadata": {},
     "output_type": "display_data"
    },
    {
     "data": {
      "text/plain": [
       "[150.0,\n",
       " 104.81715815291793,\n",
       " 92.80474751979986,\n",
       " 87.81516415669932,\n",
       " 84.91261574401571,\n",
       " 82.96937111157278,\n",
       " 81.60671703729076,\n",
       " 80.63462883254861,\n",
       " 79.9348637882014,\n",
       " 79.42782315496875,\n",
       " 79.05837427856775,\n",
       " 78.78780702497518,\n",
       " 78.5886955669809,\n",
       " 78.44146901940647,\n",
       " 78.3320765209489,\n",
       " 78.25037713080032,\n",
       " 78.18901826003997,\n",
       " 78.14264758474377,\n",
       " 78.10735505567466,\n",
       " 78.08027518802791]"
      ]
     },
     "metadata": {},
     "output_type": "display_data"
    },
    {
     "data": {
      "text/plain": [
       "array([-6.99440506e-17, -6.17961984e-03, -1.34467690e-01,  2.90980613e-01,\n",
       "        2.08930383e-01, -4.39682503e-02, -6.11740814e-02, -1.28225713e-01,\n",
       "        1.00486757e-01,  2.17444253e-01,  1.02966863e-01])"
      ]
     },
     "metadata": {},
     "output_type": "display_data"
    }
   ],
   "source": [
    "lr = LinearRegression(alpha=0.0005, times=20)\n",
    "t = data.sample(len(data), random_state=0)\n",
    "\n",
    "#数据分组\n",
    "train_X = t.iloc[:300, :-1]\n",
    "train_y = t.iloc[:300, -1]\n",
    "test_X = t.iloc[300:, :-1]\n",
    "test_y = t.iloc[300:, -1]\n",
    "\n",
    "#标准化\n",
    "s = StandardScaler()\n",
    "train_X = s.fit_transform(train_X)\n",
    "test_X = s.transform(test_X)\n",
    "\n",
    "s2 = StandardScaler()\n",
    "train_y = s2.fit_transform(train_y)\n",
    "test_y = s2.transform(test_y)\n",
    "\n",
    "lr.fit(train_X, train_y)\n",
    "\n",
    "result = lr.predict(test_X)\n",
    "\n",
    "display(np.mean((result-test_y) ** 2))\n",
    "display(lr.loss_)\n",
    "display(lr.w_)"
   ]
  },
  {
   "cell_type": "code",
   "execution_count": 30,
   "metadata": {},
   "outputs": [
    {
     "data": {
      "text/html": [
       "<div>\n",
       "<style scoped>\n",
       "    .dataframe tbody tr th:only-of-type {\n",
       "        vertical-align: middle;\n",
       "    }\n",
       "\n",
       "    .dataframe tbody tr th {\n",
       "        vertical-align: top;\n",
       "    }\n",
       "\n",
       "    .dataframe thead th {\n",
       "        text-align: right;\n",
       "    }\n",
       "</style>\n",
       "<table border=\"1\" class=\"dataframe\">\n",
       "  <thead>\n",
       "    <tr style=\"text-align: right;\">\n",
       "      <th></th>\n",
       "      <th>age</th>\n",
       "      <th>sex</th>\n",
       "      <th>bmi</th>\n",
       "      <th>bp</th>\n",
       "      <th>s1</th>\n",
       "      <th>s2</th>\n",
       "      <th>s3</th>\n",
       "      <th>s4</th>\n",
       "      <th>s5</th>\n",
       "      <th>s6</th>\n",
       "      <th>value</th>\n",
       "    </tr>\n",
       "  </thead>\n",
       "  <tbody>\n",
       "    <tr>\n",
       "      <th>age</th>\n",
       "      <td>1.002268</td>\n",
       "      <td>0.174131</td>\n",
       "      <td>0.185504</td>\n",
       "      <td>0.336187</td>\n",
       "      <td>0.260651</td>\n",
       "      <td>0.219740</td>\n",
       "      <td>-0.075351</td>\n",
       "      <td>0.204303</td>\n",
       "      <td>0.271391</td>\n",
       "      <td>0.302415</td>\n",
       "      <td>0.188315</td>\n",
       "    </tr>\n",
       "    <tr>\n",
       "      <th>sex</th>\n",
       "      <td>0.174131</td>\n",
       "      <td>1.002268</td>\n",
       "      <td>0.088361</td>\n",
       "      <td>0.241560</td>\n",
       "      <td>0.035357</td>\n",
       "      <td>0.142961</td>\n",
       "      <td>-0.379949</td>\n",
       "      <td>0.332868</td>\n",
       "      <td>0.150258</td>\n",
       "      <td>0.208605</td>\n",
       "      <td>0.043160</td>\n",
       "    </tr>\n",
       "    <tr>\n",
       "      <th>bmi</th>\n",
       "      <td>0.185504</td>\n",
       "      <td>0.088361</td>\n",
       "      <td>1.002268</td>\n",
       "      <td>0.396312</td>\n",
       "      <td>0.250344</td>\n",
       "      <td>0.261762</td>\n",
       "      <td>-0.367643</td>\n",
       "      <td>0.414745</td>\n",
       "      <td>0.447170</td>\n",
       "      <td>0.389561</td>\n",
       "      <td>0.587780</td>\n",
       "    </tr>\n",
       "    <tr>\n",
       "      <th>bp</th>\n",
       "      <td>0.336187</td>\n",
       "      <td>0.241560</td>\n",
       "      <td>0.396312</td>\n",
       "      <td>1.002268</td>\n",
       "      <td>0.243020</td>\n",
       "      <td>0.185979</td>\n",
       "      <td>-0.179167</td>\n",
       "      <td>0.258238</td>\n",
       "      <td>0.394370</td>\n",
       "      <td>0.391315</td>\n",
       "      <td>0.442485</td>\n",
       "    </tr>\n",
       "    <tr>\n",
       "      <th>s1</th>\n",
       "      <td>0.260651</td>\n",
       "      <td>0.035357</td>\n",
       "      <td>0.250344</td>\n",
       "      <td>0.243020</td>\n",
       "      <td>1.002268</td>\n",
       "      <td>0.898696</td>\n",
       "      <td>0.051636</td>\n",
       "      <td>0.543437</td>\n",
       "      <td>0.516670</td>\n",
       "      <td>0.326455</td>\n",
       "      <td>0.212503</td>\n",
       "    </tr>\n",
       "    <tr>\n",
       "      <th>s2</th>\n",
       "      <td>0.219740</td>\n",
       "      <td>0.142961</td>\n",
       "      <td>0.261762</td>\n",
       "      <td>0.185979</td>\n",
       "      <td>0.898696</td>\n",
       "      <td>1.002268</td>\n",
       "      <td>-0.196901</td>\n",
       "      <td>0.661313</td>\n",
       "      <td>0.319075</td>\n",
       "      <td>0.291259</td>\n",
       "      <td>0.174448</td>\n",
       "    </tr>\n",
       "    <tr>\n",
       "      <th>s3</th>\n",
       "      <td>-0.075351</td>\n",
       "      <td>-0.379949</td>\n",
       "      <td>-0.367643</td>\n",
       "      <td>-0.179167</td>\n",
       "      <td>0.051636</td>\n",
       "      <td>-0.196901</td>\n",
       "      <td>1.002268</td>\n",
       "      <td>-0.740167</td>\n",
       "      <td>-0.399481</td>\n",
       "      <td>-0.274318</td>\n",
       "      <td>-0.395684</td>\n",
       "    </tr>\n",
       "    <tr>\n",
       "      <th>s4</th>\n",
       "      <td>0.204303</td>\n",
       "      <td>0.332868</td>\n",
       "      <td>0.414745</td>\n",
       "      <td>0.258238</td>\n",
       "      <td>0.543437</td>\n",
       "      <td>0.661313</td>\n",
       "      <td>-0.740167</td>\n",
       "      <td>1.002268</td>\n",
       "      <td>0.619258</td>\n",
       "      <td>0.418158</td>\n",
       "      <td>0.431429</td>\n",
       "    </tr>\n",
       "    <tr>\n",
       "      <th>s5</th>\n",
       "      <td>0.271391</td>\n",
       "      <td>0.150258</td>\n",
       "      <td>0.447170</td>\n",
       "      <td>0.394370</td>\n",
       "      <td>0.516670</td>\n",
       "      <td>0.319075</td>\n",
       "      <td>-0.399481</td>\n",
       "      <td>0.619258</td>\n",
       "      <td>1.002268</td>\n",
       "      <td>0.465724</td>\n",
       "      <td>0.567167</td>\n",
       "    </tr>\n",
       "    <tr>\n",
       "      <th>s6</th>\n",
       "      <td>0.302415</td>\n",
       "      <td>0.208605</td>\n",
       "      <td>0.389561</td>\n",
       "      <td>0.391315</td>\n",
       "      <td>0.326455</td>\n",
       "      <td>0.291259</td>\n",
       "      <td>-0.274318</td>\n",
       "      <td>0.418158</td>\n",
       "      <td>0.465724</td>\n",
       "      <td>1.002268</td>\n",
       "      <td>0.383351</td>\n",
       "    </tr>\n",
       "    <tr>\n",
       "      <th>value</th>\n",
       "      <td>0.188315</td>\n",
       "      <td>0.043160</td>\n",
       "      <td>0.587780</td>\n",
       "      <td>0.442485</td>\n",
       "      <td>0.212503</td>\n",
       "      <td>0.174448</td>\n",
       "      <td>-0.395684</td>\n",
       "      <td>0.431429</td>\n",
       "      <td>0.567167</td>\n",
       "      <td>0.383351</td>\n",
       "      <td>1.002268</td>\n",
       "    </tr>\n",
       "  </tbody>\n",
       "</table>\n",
       "</div>"
      ],
      "text/plain": [
       "            age       sex       bmi        bp        s1        s2        s3  \\\n",
       "age    1.002268  0.174131  0.185504  0.336187  0.260651  0.219740 -0.075351   \n",
       "sex    0.174131  1.002268  0.088361  0.241560  0.035357  0.142961 -0.379949   \n",
       "bmi    0.185504  0.088361  1.002268  0.396312  0.250344  0.261762 -0.367643   \n",
       "bp     0.336187  0.241560  0.396312  1.002268  0.243020  0.185979 -0.179167   \n",
       "s1     0.260651  0.035357  0.250344  0.243020  1.002268  0.898696  0.051636   \n",
       "s2     0.219740  0.142961  0.261762  0.185979  0.898696  1.002268 -0.196901   \n",
       "s3    -0.075351 -0.379949 -0.367643 -0.179167  0.051636 -0.196901  1.002268   \n",
       "s4     0.204303  0.332868  0.414745  0.258238  0.543437  0.661313 -0.740167   \n",
       "s5     0.271391  0.150258  0.447170  0.394370  0.516670  0.319075 -0.399481   \n",
       "s6     0.302415  0.208605  0.389561  0.391315  0.326455  0.291259 -0.274318   \n",
       "value  0.188315  0.043160  0.587780  0.442485  0.212503  0.174448 -0.395684   \n",
       "\n",
       "             s4        s5        s6     value  \n",
       "age    0.204303  0.271391  0.302415  0.188315  \n",
       "sex    0.332868  0.150258  0.208605  0.043160  \n",
       "bmi    0.414745  0.447170  0.389561  0.587780  \n",
       "bp     0.258238  0.394370  0.391315  0.442485  \n",
       "s1     0.543437  0.516670  0.326455  0.212503  \n",
       "s2     0.661313  0.319075  0.291259  0.174448  \n",
       "s3    -0.740167 -0.399481 -0.274318 -0.395684  \n",
       "s4     1.002268  0.619258  0.418158  0.431429  \n",
       "s5     0.619258  1.002268  0.465724  0.567167  \n",
       "s6     0.418158  0.465724  1.002268  0.383351  \n",
       "value  0.431429  0.567167  0.383351  1.002268  "
      ]
     },
     "execution_count": 30,
     "metadata": {},
     "output_type": "execute_result"
    }
   ],
   "source": [
    "s3 = StandardScaler()\n",
    "t = s3.fit_transform(t)\n",
    "t.cov()"
   ]
  },
  {
   "cell_type": "code",
   "execution_count": null,
   "metadata": {},
   "outputs": [],
   "source": []
  }
 ],
 "metadata": {
  "kernelspec": {
   "display_name": "Python 3",
   "language": "python",
   "name": "python3"
  },
  "language_info": {
   "codemirror_mode": {
    "name": "ipython",
    "version": 3
   },
   "file_extension": ".py",
   "mimetype": "text/x-python",
   "name": "python",
   "nbconvert_exporter": "python",
   "pygments_lexer": "ipython3",
   "version": "3.4.3"
  }
 },
 "nbformat": 4,
 "nbformat_minor": 2
}
